26
MINIMAX
O
3
68 4 4 22 39 33 87 7 0 79 17 97 11 26 50 79 86 55 38 7 93 88 23 79 16 45
47 3 22 87 64 90 91 36 11 95 54 99 82 59 75 3 11 19 60 96 65 37 0 59 10 28
2 92 3 87 35 59 81 78 3 30 93 95 82 25 53 48 67 69 6 91 45 72 57 36 12 95
77 54 9 17 78 40 31 4 96 76 8 50 23 69 98 5 39 71 53 28 8 78 17 23 15 39
89 59 93 81 29 60 88 37 5 69 64 72 40 57 72 61 84 94 41 58 29 61 57 38 25 71
19 55 2 26 53 22 73 90 54 69 49 22 18 24 99 1 38 87 52 58 94 9 95 51 26 59
81 6 3 35 28 41 3 95 81 16 85 87 49 21 20 87 20 6 71 50 96 86 54 39 56 76
2 76 12 8 8 24 10 18 88 64 84 75 69 35 9 52 76 62 57 60 60 77 54 46 22 22
24 77 12 6 92 82 29 14 0 66 83 27 21 7 66 73 38 20 39 57 46 24 7 90 80 68
40 13 74 15 45 3 27 9 27 66 22 81 61 95 53 22 37 90 14 80 72 64 52 72 53 27
21 47 27 64 38 79 4 55 74 75 89 20 65 71 2 82 35 58 59 31 63 98 58 25 63 65
24 17 35 64 37 56 96 30 27 5 44 64 33 95 1 29 51 46 36 25 56 0 45 60 9 96
82 11 88 77 30 58 1 1 90 63 1 72 16 96 30 86 85 65 55 17 52 77 11 54 7 27
40 99 27 26 92 8 19 6 52 87 89 41 11 79 1 81 52 19 77 37 8 55 85 46 93 18
24 43 45 96 95 29 19 34 74 3 71 20 72 75 23 45 55 83 72 18 68 42 14 27 89 82
42 52 57 6 65 73 31 63 88 38 12 36 69 30 42 56 1 32 14 83 59 67 20 61 8 67
50 41 70 11 77 61 77 64 82 81 35 85 70 40 29 6 5 91 2 75 75 65 29 75 80 23
3 88 15 4 60 36 60 29 15 68 37 69 71 37 73 47 60 3 34 44 2 58 48 2 19 1
84 9 42 4 92 54 19 76 24 53 35 81 12 44 72 33 34 1 9 67 74 68 52 2 56 22
3 69 43 50 34 45 84 54 30 35 18 32 45 87 98 54 25 12 76 83 83 96 54 0 44 34
55 13 15 22 91 23 59 7 12 71 18 54 76 86 76 39 18 31 84 1 32 24 45 96 73 11
32 28 47 34 43 67 6 75 21 65 21 38 85 17 86 67 4 71 47 19 69 29 77 92 62 18
5 58 94 87 8 48 44 25 23 37 23 95 20 34 83 3 26 91 99 82 37 60 81 31 66 17
58 45 22 42 78 21 32 19 55 67 91 99 60 28 34 4 65 63 68 29 20 55 43 55 49 77
34 20 31 18 48 46 85 88 48 8 22 70 89 24 29 83 97 39 96 78 79 37 38 99 28 60
84 70 53 78 94 31 55 11 46 93 21 87 32 57 28 27 93 77 91 20 66 91 46 4 93 65
.....................OO.X.
...X...........X.X..OOO...
...O....X.......XXX.......
.....X....X..X...XX.......
..........X.............O.
...O..........O....X....OO
...X.XX...O.O.....XXX...O.
....XXXX....X.....XX.X..O.
.X....X..X........X..O....
..........O........XX.....
..O.O....OOO....O...XX....
.........OOO..OO....XXOO..
X......OX.X..XO....OXO....
........OXOXXX...X..O.X..X
.......OOO.XXXX........OOO
......XX....XXXX...OO...OO
.............X.X...O.....O
....X.....X..XXX.........O
....O....XXX.X......X..O..
..O......OX.X..OO.XXO.....
OO......OO....OOOO....O...
O..X....OOO....XOOO.......
.................O....OXX.
......O......X.X.OOOOO.OX.
...........O.X.......O....
.X.........X..............
