26
MINIMAX
O
3
40 25 32 60 82 43 22 58 31 32 22 77 79 63 14 82 28 40 26 62 1 83 9 3 53 91
74 57 77 26 80 75 81 75 39 31 22 48 70 88 0 12 54 80 8 84 29 89 85 18 63 63
22 25 30 94 62 25 71 86 51 94 34 77 47 48 62 31 77 82 36 45 33 88 38 83 40 58
30 37 7 90 53 57 97 68 4 15 71 4 52 46 94 86 83 17 94 37 51 96 46 29 87 14
62 25 72 20 57 30 18 1 84 34 50 11 19 19 58 29 80 6 73 91 26 56 78 51 43 68
26 18 86 11 84 70 47 80 88 82 68 93 36 4 3 43 37 78 41 50 35 55 25 75 51 36
20 29 22 44 32 62 80 72 62 89 68 23 70 62 61 97 73 87 55 17 38 63 97 81 63 33
33 83 61 25 0 37 61 7 35 1 84 39 75 84 6 93 83 1 49 37 79 69 34 86 27 37
91 67 88 79 53 87 41 50 62 50 42 68 65 93 16 53 77 96 44 88 29 14 60 66 65 33
50 93 91 93 1 17 72 16 61 12 17 89 59 23 37 12 32 74 0 53 74 83 72 34 95 56
68 12 13 15 31 35 11 77 87 16 48 18 98 72 49 39 56 15 61 40 2 49 37 14 4 21
95 10 30 51 90 69 52 32 59 18 16 57 42 7 88 99 66 64 23 92 54 25 8 1 90 78
66 31 41 46 47 97 61 90 98 26 87 18 93 33 98 20 66 76 95 91 45 28 18 90 19 31
13 94 2 84 54 72 23 61 99 63 3 51 53 31 73 95 32 15 16 27 20 0 27 90 71 88
15 65 52 2 36 24 14 73 3 85 7 53 80 10 90 19 60 9 62 14 25 7 79 99 78 75
35 8 55 18 44 46 57 36 34 79 0 47 48 84 0 98 33 27 59 22 92 53 40 75 19 27
14 47 22 13 63 34 80 87 20 12 97 64 42 78 45 84 26 33 67 80 67 45 15 92 1 97
57 95 54 39 70 41 98 87 20 86 30 83 33 93 28 80 20 45 44 49 64 46 11 77 24 83
70 79 30 54 78 55 96 26 83 71 39 17 79 89 22 54 28 11 21 88 52 13 70 3 39 97
14 24 51 55 84 96 42 49 15 97 44 98 32 82 46 1 66 19 42 88 68 31 62 26 45 46
83 28 63 16 53 5 33 63 68 90 81 82 95 76 88 6 16 21 16 63 65 27 27 24 86 2
95 55 51 28 43 46 14 48 4 52 54 39 85 12 7 33 16 16 72 28 76 40 9 18 49 7
2 7 90 32 71 22 99 21 5 97 94 24 15 99 97 78 61 38 76 68 49 19 23 95 92 40
40 27 71 62 90 54 84 25 68 32 0 83 54 75 23 1 68 82 48 38 11 9 15 69 10 36
61 89 59 58 42 28 59 79 49 99 25 74 43 87 39 85 69 78 48 64 29 41 24 53 68 39
82 74 82 33 70 50 74 3 49 64 80 44 32 59 95 10 67 18 51 17 37 39 44 67 79 69
..XX.X.........X.X......O.
OXXXXX.O.........X.....OOO
..XXX..X......OOOOO.XXOOOO
....OO.O.OO......OOX..OOOO
OX.......OO.......X..OOOOO
.X...XOOO.X........X..X.OO
.X.....O........X.......O.
XXO..O....................
...X.X.OOO..X.X.......XXX.
.XXXXOOOOOO.XO...X..X..XX.
.XXXOOOXO........XX.XX.OO.
OOXXOOXXXOO....OO...X.....
OOOOOOOX.OO.X.X.O..XX.....
OOOOOO...OOOOX.........XX.
OOOOO..XX..OX.......OOOXO.
OOO......O.X.....X....O..O
OOO..O..........OXX..OXXXX
O....X....OO........XOOX.X
O.X....O....OXX...OOOOXX..
XX...XO.OOOO....O.OOOXXX..
XXX..X.O............OXX...
XXX.X.OO..XX........XXXX..
XXXOOOOO.XXXX.....O.O.XX.O
XXX......XXXXXO.X..XO..XXO
..X.O...XXXXXX..O.....XX.O
..XX...XXXXX.....X.OO..OOO
