26
MINIMAX
X
3
91 96 92 54 28 28 13 89 58 5 23 10 70 83 96 49 38 10 98 54 4 76 55 82 73 73
32 49 16 85 76 22 14 61 10 99 11 85 28 45 71 13 3 74 5 56 78 14 17 63 54 72
92 70 63 77 7 24 89 4 72 12 18 30 4 60 21 72 44 40 39 6 28 20 11 25 82 92
35 20 52 88 84 36 53 2 45 52 91 53 3 63 86 52 30 62 89 83 98 35 59 66 82 61
1 13 26 96 46 67 4 98 77 93 84 14 67 40 90 38 9 4 87 19 10 38 52 23 41 85
53 90 92 69 67 80 19 88 36 36 19 74 91 68 11 64 3 67 69 70 78 86 99 79 63 92
12 61 7 52 99 3 58 73 86 58 88 78 8 68 58 87 68 65 35 30 23 53 10 17 54 79
93 57 51 3 15 15 82 87 19 67 51 35 91 81 87 11 97 45 64 94 0 71 38 67 29 19
78 12 45 91 58 16 53 67 19 43 38 85 21 78 58 19 66 12 38 27 94 78 4 81 94 66
59 82 13 36 40 65 0 25 33 90 45 45 52 4 33 80 86 38 6 44 62 11 16 36 93 17
95 24 79 23 76 1 86 16 55 71 76 82 32 99 86 55 65 74 9 63 83 6 50 77 20 55
21 58 95 74 98 64 74 17 1 28 18 0 21 27 76 18 34 59 82 96 27 82 15 54 85 37
48 40 31 73 88 19 66 3 81 2 67 88 39 82 90 22 6 20 26 60 58 68 69 34 23 91
56 81 61 33 4 12 22 30 32 61 17 87 59 6 23 73 61 98 76 20 81 81 28 38 36 16
22 54 59 68 47 15 68 37 98 85 14 86 75 1 76 69 78 54 42 42 66 84 94 32 82 59
18 27 72 43 10 22 47 90 17 73 39 84 23 50 29 94 58 28 80 18 83 38 7 25 59 6
34 70 56 27 29 87 99 48 47 3 85 57 19 13 35 27 35 2 88 11 15 73 53 6 84 13
26 51 74 84 88 13 57 36 27 34 98 51 1 90 99 85 25 29 90 54 6 90 60 28 33 20
40 15 19 53 46 55 80 65 92 47 69 5 57 27 38 92 67 17 56 69 35 86 0 18 26 25
99 60 92 79 14 85 8 38 83 95 41 84 26 60 24 53 55 64 36 52 73 4 30 73 42 25
1 53 27 21 96 39 3 89 7 14 48 72 2 55 77 14 21 83 83 74 29 53 29 33 94 51
27 96 60 45 57 26 31 12 64 18 16 62 41 35 0 84 84 68 41 86 12 56 0 78 67 10
77 50 76 61 98 88 72 95 91 37 81 31 27 13 80 42 90 57 73 77 46 55 97 66 80 72
76 21 55 50 54 90 64 96 49 54 74 77 96 49 92 40 95 19 80 61 32 49 63 21 43 51
5 39 85 59 52 28 14 37 98 86 86 49 79 14 56 33 26 42 16 13 25 15 60 66 36 97
17 40 1 5 69 46 73 93 34 26 47 79 50 36 31 65 50 57 25 55 60 49 10 36 35 24
..........................
..........................
...........O.OO...........
..........OO..............
..........O...............
..........................
..........................
..........................
..........................
...................X......
....X.....................
....X.....................
....X.....................
.....X....................
..........................
..........................
.........................O
..........O...............
..........................
....OO...........OOO......
..........................
.X........................
.XX.......................
.X....XXXX................
..........................
..........................
