26
MINIMAX
X
3
71 47 20 40 28 0 47 62 30 84 85 95 71 49 4 68 23 1 7 60 35 11 52 50 26 46
13 88 62 43 72 78 60 33 22 1 24 83 55 32 2 59 65 12 85 19 39 23 15 63 92 34
29 25 4 57 26 38 69 47 76 6 37 95 45 34 53 38 38 30 82 12 38 59 77 19 81 99
72 77 13 40 33 55 77 62 41 36 59 27 37 19 6 78 48 70 24 26 66 30 44 80 10 51
11 11 60 8 90 76 52 3 79 92 60 0 94 3 92 74 54 13 36 91 72 48 82 56 89 73
71 77 38 48 69 38 94 4 73 61 16 80 27 60 69 95 38 46 93 87 40 90 15 82 94 21
91 97 4 0 28 18 8 26 10 0 37 18 27 10 31 69 33 95 9 36 87 76 82 45 93 47
95 26 48 96 80 24 87 9 73 83 8 29 99 40 83 92 94 25 51 32 51 56 3 22 10 47
49 30 73 99 2 89 81 58 61 72 90 22 15 20 13 33 15 63 51 80 72 66 37 36 90 64
76 27 1 9 32 22 80 59 48 20 61 12 75 70 73 34 42 21 3 27 50 8 40 66 93 0
59 35 23 77 19 59 87 69 63 5 51 36 20 74 82 38 27 19 31 50 58 48 25 21 45 39
31 31 36 96 66 72 47 14 18 13 38 21 26 11 32 83 94 93 80 34 92 59 43 78 53 66
4 70 82 57 72 13 86 91 0 56 89 83 76 36 65 53 21 50 77 31 42 55 33 73 46 31
78 4 36 70 78 37 15 7 35 64 85 91 91 94 65 73 59 74 32 72 52 93 13 38 88 15
52 18 37 26 27 5 92 55 86 4 83 99 31 12 75 56 68 39 95 35 74 50 46 38 58 8
61 72 13 42 95 16 47 44 4 43 24 24 96 32 94 30 92 22 46 3 46 27 94 35 89 37
9 35 92 54 64 17 5 84 1 79 95 63 34 52 60 17 27 70 75 33 74 36 47 98 67 50
90 70 65 41 5 38 76 24 89 14 96 96 29 65 47 97 83 69 68 54 2 84 61 28 43 97
65 82 55 52 0 53 67 14 41 61 76 13 59 88 9 32 42 90 66 24 4 42 77 72 1 83
70 93 4 19 12 9 0 8 86 62 61 65 68 44 6 67 73 6 5 55 32 45 55 30 67 50
27 78 26 71 61 35 32 70 61 58 1 23 63 85 52 30 36 50 53 90 60 7 4 50 88 5
44 50 20 38 51 56 79 7 81 58 10 0 27 44 63 41 19 66 57 63 20 95 0 74 77 60
73 82 23 34 53 97 90 72 75 53 60 5 8 35 45 63 85 66 3 39 53 96 67 53 3 64
23 60 63 71 42 65 6 97 30 80 58 8 95 9 21 27 66 17 36 93 19 76 67 38 77 14
22 78 59 44 83 95 42 72 45 69 12 79 98 3 25 0 75 78 57 97 76 1 80 17 72 13
48 4 4 85 28 37 99 41 26 1 77 29 85 77 96 15 62 22 64 38 74 91 23 82 35 17
........O.X.OXXX..........
........O.....O.X.........
.................X........
...O......................
XXXO.O................X...
.X...O..........OX.....XX.
....OO......OO.XXXX.......
..XXOO....O.O..XXXXXXXX...
..X.O...........XXXXXXXOX.
..X.O..........X.XX....OO.
..O.............XXXO......
.O.......X.......XOO......
..........OOO.....O......X
...........OOO............
......O.............XOO.OO
............X......XOOOXOX
.....X..............OOOOXX
...................OOO...X
O..........X.O....XXX...OO
OO.....O..XXX.....X..OOOOO
OOOO...O.XXO....X...X..OO.
O.OOX...XXOO.O.O...XX.....
...XX....XX........XX.....
.X......O.O........X......
....O.............XX......
..XX..............O.......
