26
MINIMAX
X
3
6 52 46 47 7 86 95 52 71 58 15 57 12 31 25 85 60 15 13 46 95 47 79 93 34 17
77 38 4 7 68 16 58 90 85 95 14 48 12 47 3 38 82 56 96 95 79 97 50 11 86 40
20 33 18 99 9 44 13 31 34 79 50 48 51 98 91 96 37 16 36 55 46 45 19 19 88 39
93 7 40 97 75 92 56 86 41 13 34 10 3 2 11 53 5 42 52 48 20 91 84 40 36 59
75 99 35 44 35 14 98 34 90 7 80 23 47 41 27 7 1 70 45 66 19 68 13 5 86 6
52 1 87 78 91 74 89 91 48 44 56 4 6 54 49 21 14 76 61 69 82 68 78 0 3 9
78 12 19 91 11 55 72 55 1 34 82 97 72 35 71 73 48 76 56 24 78 68 9 67 99 94
26 20 18 79 2 75 67 89 62 12 2 8 96 26 50 3 12 3 4 85 99 46 92 39 54 96
23 26 28 91 6 94 12 27 66 36 15 25 85 9 44 35 59 57 31 12 17 36 57 38 67 22
27 54 62 26 45 97 1 80 49 59 11 57 5 16 17 74 52 82 50 92 73 96 90 98 42 33
80 68 76 38 99 8 43 56 70 69 13 37 49 68 67 17 33 81 37 35 71 42 36 11 82 8
91 84 96 35 24 36 25 83 23 51 71 24 48 45 81 65 11 32 64 57 56 95 48 51 28 1
84 12 34 35 90 97 0 20 54 66 54 24 95 6 59 46 99 16 97 63 46 22 6 98 12 46
24 26 45 80 3 36 75 29 65 28 66 93 4 6 41 14 6 63 33 48 94 5 64 40 99 0
87 10 58 87 83 73 43 40 42 74 93 76 33 9 87 47 46 20 80 35 30 52 10 88 58 51
79 60 58 18 26 83 57 69 67 78 58 84 65 48 21 39 70 16 34 47 37 88 2 43 87 20
53 30 17 22 92 47 35 33 71 37 11 34 60 60 26 17 5 47 82 87 35 14 86 27 81 25
91 71 14 6 3 66 73 99 60 77 46 70 8 81 62 76 35 98 18 57 85 52 84 64 44 16
61 46 19 11 73 41 37 61 84 0 77 4 27 17 76 86 69 76 89 84 61 43 9 33 78 49
38 99 68 98 40 92 81 11 19 85 9 8 52 46 27 10 68 31 15 91 31 89 75 65 17 76
29 43 8 22 19 72 48 88 70 0 38 14 29 78 83 30 16 66 33 68 93 30 88 74 32 90
79 14 66 70 28 78 2 20 93 26 33 32 64 35 16 23 15 46 87 55 99 2 31 92 0 98
66 64 62 22 50 86 52 74 0 87 75 62 42 10 38 57 36 17 77 7 84 6 91 30 81 7
58 98 1 63 29 82 86 39 99 90 10 84 43 1 61 99 47 60 77 31 64 42 39 46 49 67
83 5 35 44 73 23 37 48 25 23 19 79 47 98 55 18 58 23 1 85 32 55 92 67 68 79
44 13 12 95 86 13 78 30 81 34 19 93 71 29 75 28 31 65 66 25 99 37 10 9 63 83
...O..OOOOO.OOOOOOO...O.XX
.X.OO..X.OOXO.XOOOOX.XO...
OOOOO..O.OXXXO....XX..O...
O.OOO.......OO...XX...OOOO
.OOOO.O.....OOX..O..X.....
.OOXOX.....O..O...........
X..XO...X.XO..XX......X.OO
XX..OX..XXXX.X....X.......
X...O.........O...XX..XX..
.XX.........O...O.X....OO.
.....XX.OOXOO...OXXX...O.X
O....O..XXX.O.XX.OX.......
XXXX....XX..O.X.OO..X...XO
.XXXO.O.........O..X....O.
XXXOO.O.....OXXXX..OO...O.
XXOO.....O.OOO.X...OO...X.
..OOXX.......XOX..X.......
O.OOO..X.X....OO....X.....
.OOOO.X.....O.OO.OXXX...X.
.OOOO..X...XX.XX.OXXXXO.XX
.OO.O......X......XXXX.XXX
OO.........OOOX.XXXXXXX.X.
OOO.......OO.O.XX.XXXXX..O
............X..X...XXXX...
.O...O.X...XXO.X..XXXX....
...........X......OXOO....
