26
MINIMAX
O
3
24 29 15 47 2 60 16 99 49 60 14 59 56 79 42 5 93 32 19 98 52 47 61 78 58 31
36 27 12 54 33 83 78 90 79 89 33 76 19 0 6 87 73 69 97 77 58 35 80 42 52 20
86 65 34 68 94 34 69 12 32 25 27 21 10 74 61 47 30 72 39 24 69 54 63 2 78 82
32 55 78 13 39 56 4 7 29 27 66 42 94 54 84 78 87 84 62 41 37 94 2 37 79 83
80 81 17 17 60 39 65 65 33 4 13 18 5 13 18 22 81 6 67 38 3 35 14 89 53 2
80 64 20 50 39 0 64 88 10 32 45 80 54 94 49 72 58 20 50 41 16 35 2 81 66 27
56 98 99 36 88 39 19 68 37 45 4 25 87 52 71 94 45 25 28 91 60 34 61 26 16 27
50 88 60 25 73 57 37 61 61 4 90 11 60 28 86 15 52 79 30 34 8 21 52 71 36 67
42 84 0 27 80 60 58 34 26 12 57 16 48 19 84 53 66 24 55 3 8 22 83 16 32 78
76 41 99 31 69 86 30 51 28 77 20 2 71 20 41 64 25 59 94 35 57 90 18 42 31 70
49 80 7 34 0 24 83 85 61 30 71 35 6 24 72 99 2 93 25 88 96 40 22 65 8 78
67 82 32 51 29 40 46 76 76 44 85 57 81 7 13 14 88 62 71 8 26 43 96 4 35 11
98 33 8 86 32 9 57 62 91 54 86 69 33 55 86 37 40 80 16 69 60 58 38 13 36 30
97 54 40 85 80 48 50 88 6 68 82 98 86 4 1 83 0 25 79 14 99 97 19 81 91 67
58 64 85 80 43 53 13 84 59 39 38 31 80 82 77 72 49 8 44 97 33 94 20 12 71 95
93 31 74 35 73 23 73 37 29 39 39 2 78 92 94 22 73 0 39 8 58 49 17 14 1 71
40 81 84 56 55 76 49 17 77 81 32 25 70 85 19 44 79 35 34 51 24 39 94 99 90 83
32 28 9 63 58 40 32 33 17 66 40 79 52 63 91 64 24 90 38 3 33 85 89 93 50 94
37 63 83 17 39 74 50 33 83 0 43 99 78 64 37 40 40 50 23 28 28 81 16 37 58 21
11 63 99 82 72 90 97 5 48 74 77 44 24 88 77 24 92 29 30 4 39 93 99 60 42 15
71 88 36 33 35 75 59 53 29 54 92 53 14 36 22 84 99 17 49 39 9 94 5 38 37 2
66 48 58 92 67 66 55 46 83 94 32 45 91 44 11 56 45 92 56 53 8 83 78 3 20 16
26 99 67 99 96 13 94 71 15 33 70 29 37 50 68 8 0 14 32 20 75 13 40 10 16 95
84 83 39 85 36 86 77 4 9 59 34 67 43 24 3 67 2 80 19 57 35 4 37 36 5 16
10 38 98 31 36 93 65 76 14 26 98 2 54 91 69 38 28 3 85 93 35 18 91 85 94 47
82 44 72 56 38 85 61 9 17 86 37 82 49 76 2 48 44 96 0 56 83 80 44 45 97 12
..XOO.XXX.O..X..XXOO.XXXOO
....X..XXX..X..OXXOO.XXX..
...OXXXXXX..X..XXOO....XX.
OO..X...XO....XXXOO..O.OXO
OO.XX.......X..X.XO..XX...
O.....O.........XXO.X.XX..
O...........O...XX.XXXX...
...O...X.O..O....X..XXX...
.O....X.......X...OO.O....
.....O...X...O.OOOOOO...O.
.X..OOOOO.X.O.XXXOX.......
..X.OOOO....X..O..XXX..O..
..X.OO........O...X.X..O.O
.X....X.OO........X.....X.
.....XX.O..........O...XO.
XX..OOX.....X..O....X..O..
....OOO..OO.........X...OO
X...OOO..O...O.X.OO...OOOO
...OOO...O...O.XO.....OO..
.O.OOOO.X......OO..X......
.OO.O..X.....O....XXX.....
..OOO.....X.O...O..XXXXXX.
...O..OX....OOX..XX.X.XXXX
...OO......XXXXXXO....X...
.....X.....XXXXX......X...
OO...OO.X.XXXXXXOO...OX...
