26
MINIMAX
O
3
45 14 30 70 33 16 53 56 75 39 16 91 95 72 30 78 48 13 3 52 21 29 10 10 63 44
8 71 65 75 79 83 5 9 59 98 69 10 91 11 41 10 95 27 38 92 18 81 31 43 68 89
21 81 29 23 55 74 6 76 28 39 47 22 46 46 91 57 38 41 30 48 41 32 11 82 14 54
79 74 99 57 38 73 48 79 25 56 9 2 82 20 86 51 36 72 60 40 61 94 89 41 43 53
15 98 74 92 5 78 92 18 19 62 40 5 39 34 92 11 5 87 24 46 93 25 17 96 35 12
46 68 65 55 42 57 18 94 35 23 34 42 45 72 57 21 42 91 43 77 45 20 96 13 40 76
52 87 73 5 63 62 3 85 73 82 9 36 83 35 47 8 20 53 3 14 82 67 4 61 97 70
2 95 99 79 29 86 70 29 4 44 0 94 24 28 13 23 81 84 34 46 22 68 92 4 35 11
77 11 53 16 25 58 98 22 81 71 60 93 64 68 4 89 87 49 89 50 55 33 71 62 69 40
73 91 76 37 80 7 58 35 41 7 59 58 28 39 40 90 96 16 10 6 32 16 69 90 57 94
19 54 9 14 78 47 91 33 35 64 65 94 72 23 99 69 54 25 26 40 54 89 20 39 43 87
49 94 8 0 92 12 56 95 32 25 19 86 74 46 89 93 73 9 79 49 65 54 79 92 61 91
47 40 87 54 85 53 33 1 48 67 11 42 39 62 22 33 55 81 44 21 40 68 93 35 21 54
63 22 83 12 24 42 75 7 6 35 14 73 5 65 70 34 35 57 88 91 49 70 91 67 96 37
47 74 68 51 5 5 40 55 83 79 45 61 34 28 61 95 65 72 3 68 68 23 0 95 85 55
41 31 24 91 12 98 83 93 4 42 85 67 7 55 17 90 76 65 91 11 97 39 98 32 46 80
93 14 23 70 13 60 58 46 66 66 82 3 5 71 22 71 74 94 4 5 97 41 58 7 26 83
4 39 92 39 49 40 27 41 31 81 11 92 93 42 25 92 5 54 74 89 35 93 62 64 82 77
85 73 36 38 91 38 79 82 35 33 25 71 45 89 64 81 74 57 14 4 24 85 55 43 18 10
87 98 29 95 14 75 0 86 33 28 51 36 49 85 59 64 66 64 84 89 72 44 10 31 79 71
81 45 69 15 59 26 32 70 10 24 24 33 3 2 16 20 27 57 71 54 70 80 68 29 64 65
78 36 99 14 15 71 14 78 49 68 76 71 54 87 47 51 27 74 16 15 66 1 0 96 43 41
6 94 18 10 47 61 71 83 82 84 76 55 0 13 31 51 32 63 91 3 23 13 13 39 68 7
1 34 73 45 42 43 2 70 55 91 64 48 49 19 75 60 14 43 82 26 18 56 23 55 23 48
98 17 45 6 88 51 74 56 43 31 17 7 1 49 28 45 2 59 32 41 43 91 66 72 94 17
23 83 96 45 25 63 66 15 38 29 7 64 18 6 12 96 18 59 37 8 53 2 1 4 15 91
..O...O.X........OX.......
......O..........O........
O....OO.............O.X..X
.X......X................X
..X.....XX...O....X.....X.
O.XXX........O.X..XXXX....
O............OX.O..XX.....
OOO.......X.XX..O....O....
OO..........XXOOO....X....
OO.O.......XXX.O..........
OOOX.........X....O.OX....
OOOX...........O.OO..X...O
......X..........OO..X.O.O
..O.O.XO....XX....OO....OO
.....XXXXX.O.............O
..X..XXXX.................
.O..XX......X.....OOOO....
..XXX.........OXXX.....XXX
...O..........XX..O..OO...
.X.O..............O.......
.X.O...X...........O......
.X............X...........
XX...O...........O........
OX...X.X...OO.......O.....
O......XXX.......X..O.XX..
O......XXXXX...........X..
