26
MINIMAX
O
3
57 74 96 12 90 67 32 70 81 14 55 69 0 15 19 76 94 28 44 73 18 2 18 80 78 63
42 87 7 60 65 98 33 59 77 59 77 43 25 65 96 78 72 35 76 52 78 2 37 7 7 98
94 88 75 48 74 7 46 79 87 4 6 2 82 27 60 48 7 32 59 10 82 56 52 56 63 40
89 98 78 53 34 51 11 6 87 85 65 15 99 48 15 68 85 56 27 48 7 88 76 1 21 19
68 46 80 45 70 72 80 76 92 96 25 36 71 64 20 68 55 76 2 88 55 24 76 14 47 60
64 41 64 88 16 33 59 49 11 53 53 90 39 60 21 86 42 64 26 11 78 21 40 38 94 18
88 90 62 39 15 46 47 32 83 99 76 13 33 24 88 17 52 23 70 22 71 58 98 52 92 62
52 90 87 29 77 23 18 38 43 9 75 23 23 25 44 31 30 50 84 23 76 14 29 82 68 29
97 10 20 96 34 2 29 98 41 9 3 62 70 78 48 39 50 58 32 69 92 88 54 97 81 3
6 22 46 21 83 65 4 43 84 39 25 97 57 16 96 50 4 78 75 3 80 5 91 37 32 79
66 76 60 49 47 53 46 22 72 72 43 25 27 22 5 95 12 39 55 5 88 33 84 99 19 24
93 95 77 92 83 14 59 15 33 58 9 21 32 15 5 16 66 40 31 79 67 80 91 63 2 29
61 92 98 8 1 43 77 39 29 45 18 13 88 5 68 46 78 7 20 44 10 76 76 52 71 62
73 1 71 84 81 69 43 4 99 67 92 45 53 66 45 10 65 25 86 52 14 88 50 63 51 96
83 93 43 50 67 84 4 10 40 83 32 11 77 30 88 49 2 86 4 85 62 38 72 6 2 55
76 3 69 91 85 48 87 68 73 28 84 77 9 72 59 13 27 96 93 10 33 39 65 53 52 91
20 7 90 48 91 82 67 23 27 24 47 26 41 79 2 37 36 52 60 33 58 53 98 50 67 93
29 43 51 46 20 78 22 7 71 72 12 95 51 49 13 4 74 23 17 0 12 31 62 53 2 40
87 93 78 27 36 38 63 11 44 51 4 85 25 44 49 97 21 90 33 86 19 74 35 24 94 29
31 49 26 97 85 23 75 13 43 59 91 91 7 35 45 6 93 60 37 15 83 15 45 94 62 60
76 41 18 82 57 68 4 54 64 69 0 71 28 53 30 30 79 93 1 63 72 64 23 65 68 26
82 67 54 65 15 94 66 38 29 53 39 91 38 71 90 66 67 84 81 38 4 38 24 29 12 90
39 31 89 81 42 28 27 99 43 45 32 22 78 96 77 38 91 13 28 21 40 1 42 51 84 60
50 75 23 89 77 24 86 97 65 98 44 82 40 0 36 61 35 50 26 5 67 98 25 72 1 56
86 47 99 89 4 88 97 67 70 14 47 13 74 47 69 31 71 9 90 41 37 58 56 62 52 85
25 23 17 70 63 84 73 82 14 81 88 74 71 40 94 96 69 70 50 72 60 0 91 77 45 23
.X.....X..........O.X..X..
.................OO.......
..X........O..............
.XX.X...........X.X....X..
.XXXX......XXO......X.....
...........XXXX.X.......XX
...........XXXX........OOX
..........XXX.....O..OOOXX
...X....O..X....OXO.OOOOOO
.....O.......X........OOO.
...............O......OOOO
.......OXXX...OOOOO..O.O..
.O....OOX.X.O..OOOO.......
..O......OX..O...OO.....O.
.................O...X....
...........X.X........X.O.
............O..........OOO
....O..................OOO
....O...O...X............X
............X..O.X..O...X.
....OO....XXXX...XX..O..XX
.XX..OO..XXXXO...X..OO....
O.....O..XXXX..X..X.......
O..OO.O..XXX..XXXXXX..OO..
O...OOXXX.....XX.X....OO..
OO...OOXX..............O..
