26
MINIMAX
O
3
2 23 43 68 69 50 4 58 73 28 49 98 78 64 79 10 28 42 57 57 35 47 97 41 21 70
96 56 20 73 9 33 20 16 41 38 9 98 2 60 27 78 21 87 68 46 35 93 74 38 23 57
67 41 14 97 31 24 48 9 82 25 59 24 58 96 30 80 9 84 93 22 62 23 23 12 4 91
98 59 39 45 55 57 27 45 17 50 39 51 4 31 81 15 54 64 84 19 73 38 65 38 88 10
17 83 53 7 11 92 45 88 27 96 53 6 32 78 64 19 46 70 84 52 42 75 30 83 46 41
66 72 91 52 46 42 59 34 20 96 89 43 42 69 0 92 64 78 38 84 61 54 12 12 82 22
30 95 18 16 32 9 18 70 25 66 80 41 42 52 36 7 80 76 91 88 54 10 39 8 96 33
10 48 45 51 91 43 55 91 95 24 69 92 5 24 53 22 89 48 12 27 44 58 95 61 25 34
27 75 41 79 13 13 87 97 70 12 15 5 82 19 23 57 60 82 65 65 22 61 97 46 83 40
64 22 11 38 15 19 38 14 7 67 73 64 90 3 64 72 9 62 98 75 54 36 85 62 74 29
50 80 27 74 61 78 87 90 99 12 8 71 84 47 95 8 40 79 0 8 23 91 73 69 58 37
8 87 31 1 34 87 17 62 82 49 0 90 44 36 79 37 43 65 19 27 76 24 53 40 38 41
90 57 14 40 66 34 10 69 87 48 36 41 37 91 12 17 41 74 62 48 87 60 86 47 71 77
48 86 99 1 88 20 49 26 23 39 27 42 2 91 5 87 11 98 20 18 81 77 43 9 5 11
18 8 28 58 17 11 57 48 54 98 62 51 54 36 42 0 57 59 51 19 64 49 79 33 39 5
30 50 37 90 2 32 36 55 50 73 90 91 59 76 65 84 20 85 52 36 73 82 90 97 24 16
38 52 16 29 98 50 65 16 6 41 47 53 25 43 8 76 65 20 94 35 77 59 53 63 73 86
9 20 92 4 18 17 97 90 12 18 49 82 36 48 12 32 67 67 11 99 19 39 55 33 95 22
6 31 97 78 62 18 12 21 2 90 5 10 47 70 92 95 3 50 82 17 1 15 14 31 96 32
30 11 41 16 7 13 52 95 66 0 45 62 7 30 21 80 48 64 67 30 13 53 95 65 68 30
76 4 18 33 15 63 26 29 99 32 60 94 19 91 60 61 25 73 79 72 36 70 55 72 5 8
5 66 46 73 78 61 14 68 83 53 82 47 27 78 9 83 85 9 45 4 52 37 14 32 65 43
65 80 87 30 38 67 88 25 70 24 99 96 11 62 22 97 61 66 84 11 28 90 13 73 23 59
73 34 94 12 76 39 47 0 33 16 78 67 7 57 21 30 18 90 21 65 39 9 30 82 74 83
64 16 41 87 18 24 70 73 51 46 60 84 82 96 48 89 47 34 2 26 56 47 25 6 44 82
38 5 51 24 4 35 76 0 6 25 20 24 85 0 51 81 69 62 68 27 39 59 90 44 43 52
....X...........XX........
...................X....O.
..........................
..........................
.............X............
.............XXX..........
..........................
.O........................
.............X......O.....
......X............OOO....
......X...................
...O......................
.............O............
.............O............
..................O...X...
..........................
........O.................
..........................
..........................
..........................
.............O............
............OO............
.......O.....O............
O.........................
...............XXX........
...............XXX........
