26
MINIMAX
X
3
51 81 15 11 77 42 21 43 11 34 78 51 90 75 19 57 81 17 1 54 57 31 2 23 49 25
24 67 41 63 84 69 38 70 9 62 64 9 18 20 71 29 51 10 68 32 42 1 60 44 89 77
19 9 2 21 41 10 93 29 26 27 12 72 89 69 96 71 81 66 91 91 73 78 34 63 40 29
50 56 26 67 60 48 59 90 86 49 9 32 83 74 89 32 51 78 54 23 18 30 69 38 52 59
19 14 73 88 70 40 32 43 36 95 36 50 1 19 22 6 47 44 21 0 84 24 55 58 47 65
57 42 52 65 29 55 7 83 86 24 17 16 53 47 9 97 54 52 98 65 78 61 55 71 96 63
54 79 21 4 76 15 38 50 12 96 24 75 96 5 96 37 20 60 55 80 59 37 93 68 64 77
77 71 52 93 6 50 60 12 37 67 41 13 22 73 98 58 86 1 45 94 40 18 20 87 65 84
75 99 61 43 44 89 17 61 9 53 77 54 99 75 81 7 94 49 45 89 52 82 66 63 3 12
39 48 84 48 30 37 88 22 99 35 30 32 41 98 66 57 1 93 57 89 9 51 29 78 27 15
59 89 52 86 83 73 65 75 94 94 35 31 76 62 23 23 3 39 97 57 17 28 26 12 8 31
46 95 31 34 69 73 68 89 45 95 31 82 22 69 12 53 29 27 44 44 7 70 21 2 72 19
77 15 14 50 12 43 91 88 88 92 70 27 43 95 57 79 35 15 97 0 42 59 69 24 55 83
43 71 8 28 40 70 92 82 47 96 23 26 67 62 16 98 12 53 50 9 24 88 9 37 0 16
73 35 50 58 7 70 47 69 23 48 58 56 15 58 1 65 8 98 96 90 5 56 6 27 25 59
64 52 18 47 49 3 43 65 89 76 95 59 89 75 4 7 26 37 65 85 3 50 48 61 27 73
42 42 14 73 32 37 99 19 22 32 3 75 51 5 37 46 27 47 84 54 87 8 70 2 90 51
30 78 7 31 78 57 37 14 89 50 93 27 52 86 41 24 91 58 99 70 89 42 20 79 96 27
8 71 95 71 20 26 37 69 6 55 16 15 68 76 16 91 95 12 52 13 92 20 60 39 68 90
75 40 84 96 87 45 89 9 22 9 41 13 81 54 77 91 41 47 53 20 39 33 14 48 61 39
38 64 86 90 17 41 37 77 67 58 60 11 54 43 64 73 29 61 10 99 12 93 91 46 87 75
24 51 42 13 35 16 75 21 94 73 53 15 28 57 19 10 79 41 58 97 4 24 58 67 75 45
87 85 2 83 69 1 34 27 59 85 46 44 85 4 15 27 85 82 9 65 73 50 55 37 8 90
18 64 94 10 20 44 69 71 58 83 37 75 68 14 94 83 17 38 74 4 12 79 49 22 83 10
40 63 92 84 23 44 57 15 69 7 75 40 88 2 73 11 87 50 29 86 96 36 85 42 3 25
69 9 22 84 10 97 3 7 66 82 23 73 61 71 84 62 51 98 86 25 59 23 28 63 36 66
............O.............
....X..X........XXO.......
.......XXX............OOO.
.....XXX.X......X.....OOO.
..........X.........X..OOX
....................O.....
........X..OO.............
....O................X.XX.
........XX.OOX.......X....
X....X.XXXX.XX............
......OXXXXXX......X.O....
......OOXXX.....X......OOO
....OO..O.X...X.XXO....OOO
.X..OOOOO.X.............OO
....OOOOOX.......X..OX...O
....OOOOO...............XO
.......O......X.X.......O.
......X.O.................
OO.....OXXX...OO.......OX.
OOXXX...X.....O.....O.....
OO.......OOX.X...X.....X.O
....X...OO................
........OOX...O...........
..O.....O.....O.........X.
O................XX..O....
.........XXXX....X.X......
